feature_id,chip_5d,dealer_ratio_5d,foreign_5d,institutional_net,short_squeeze_proxy,vol_ratio_20d,BETA_60,CNTD_20,CNTD_5,CNTN_20,CNTN_5,CNTP_20,CNTP_5,CORD_10,CORR_10,IMIN_20,IMXD_20,KLEN,KLOW,KLOW2,KMID,KSFT,KUP,KUP2,RESI_10,RESI_20,RESI_5,RESI_60,RSQR_10,RSQR_20,RSQR_60,VSTD_10,VSTD_20,linear_factor,ma60_bias,margin_balance,margin_change_5d_ts,margin_ratio,return_3d,rsi5_dulling,volatility_20d,volatility_5d,vwap_bias,tech_bullish_streak_5,tech_disposal_active,tech_gap_down,tech_gap_up,tech_limit_down_count_10,tech_limit_up_streak_10,tech_locked_open_down_10,tech_locked_open_up_10,l1_bbBandwidthPct,l1_bestFvgStrength,l1_bestOrderBlockStrength,l1_bosBullish,l1_brokerConcentration,l1_brokerNetAmount5d,l1_chochBullish,l1_closeAboveMa60Pct,l1_dealerNet5d,l1_diTrend,l1_displacementPct,l1_eps,l1_foreignTrustNet5d,l1_liquiditySweepBullish,l1_macdHist,l1_monthlyRevenueMoM,l1_monthlyRevenueYoY,l1_return20d,l1_revenueGrowthYoY,l1_roe,l1_sectorFlowCore,l1_sectorRsMomentum,l1_sectorRsRatio,l1_sectorTurnoverShareDelta,l1_smcBiasBearish,l1_smcBullishScore,l1_smcNetScore,l1_squeezeMomentum,l1_squeezeRelease,l1_volumeExpansion20,l1_volumeMomentumDivergence132710,mom_12m_1m,mom_9m,mom_close_to_52w_high,mom_hl52,mom_ma50_200_ratio,mom_macd_trend_10,mom_reversal_1m,mom_reversal_6m,mom_rsi_14,mom_vol_adj_12m,size_log_mktcap,tech_adx_14,tech_atr_14,tech_bbands_pctb_20,tech_bbi,tech_bias_20,tech_cci_20,tech_cmo_14,tech_dma_10_50,tech_donchian_pos_20,tech_ema_12_pos,tech_emv_14,tech_granville_score,tech_kd9_k,tech_kdj_j_9,tech_keltner_pos_20,tech_ma_convergence,tech_mfi_14,tech_mtm_10,tech_obv,tech_psy_12,tech_roc_10,tech_sar,tech_slow_kd_14,tech_sma_20_pos,tech_tower_3,tech_trix_12,tech_volume_ratio_5,tech_vr_26,tech_williams_r_14,tech_wma_10_pos,val_bp,val_dp,val_ep,val_sp,liq_amihud_21d,vola_cv_90d,vola_min_130d,vola_realized_12m,vola_realized_1m,vol_chg_turnover_1y,vol_cv_volprice_20d,vol_money_flow_5d,vol_share_turnover_21d,vol_signal_5d
chip_5d,1.0,0.017393,0.897554,0.506857,0.171266,0.080173,-0.036589,0.169133,0.266895,-0.155712,-0.252902,0.152016,0.251932,0.148158,0.114021,0.146668,-0.172105,0.017208,0.022206,0.019063,0.133091,0.125603,0.012955,0.000209,0.117183,0.220992,0.012447,0.286481,0.016076,0.022748,0.011748,-0.009422,-0.009731,0.057201,0.287101,0.01248,-0.143894,0.012844,0.254377,0.164246,-0.016306,0.016655,0.125646,0.220187,-0.015242,0.043684,0.046068,0.036864,0.014634,-0.008827,-0.006937,-0.020942,0.119129,0.137043,0.148273,-0.294492,0.494702,0.041148,0.142474,0.152209,0.221763,0.136245,-0.014764,0.717882,-0.040072,0.283452,0.043561,0.016227,0.187543,-0.025927,-0.015129,0.04377,0.059333,0.054135,0.044434,0.2206,0.137706,0.227016,0.269832,0.002684,0.023304,0.030117,-0.066799,-0.016059,0.032796,0.03432,-0.096033,0.031669,-0.179654,0.019777,0.27375,-0.015341,0.006155,0.020729,0.023352,0.330464,0.301673,-0.283199,0.324354,0.273751,0.053125,0.322072,0.299915,0.17295,0.023278,0.322423,0.332561,0.300812,0.013654,-0.21117,0.253659,0.128623,-0.211831,0.262865,0.250192,0.301874,0.2832,0.168979,0.08362,0.076504,0.129346,-0.339529,0.297551,0.010471,0.004611,-0.000829,0.006995,0.014432,0.0156,0.015199,0.007909,0.033902,0.028408,0.00201,-0.246458,0.013163,0.005576
dealer_ratio_5d,0.017393,1.0,0.01206,0.014228,0.007206,0.00274,0.015285,0.016702,0.005614,-0.018471,-0.007492,0.011585,0.003304,0.003924,0.004718,0.007461,-0.015068,-0.009315,0.00038,0.005664,0.009737,0.011962,-0.006713,-0.003672,0.003894,0.000725,0.008081,0.007122,0.018117,-0.002461,-0.016724,-0.003616,-0.004217,0.012535,0.009957,0.006763,-0.002135,0.006684,0.006161,0.018958,0.007175,0.003965,0.011973,0.005497,-0.010517,8.4e-05,0.004081,0.002369,0.004064,0.012228,0.000896,-0.01013,0.008149,0.006502,0.02604,-0.007953,0.019974,-0.005758,0.016527,-0.00959,0.012139,0.005141,0.022026,0.011543,0.002095,0.005699,0.002828,0.011921,0.01773,0.013206,0.020361,0.002414,0.007047,0.005345,0.003944,0.007635,0.006998,0.00909,0.012693,0.007382,0.00375,-0.003957,-0.000752,0.006012,0.026192,0.013106,0.005618,0.019242,-0.017852,-0.009099,0.015528,0.002268,-0.025162,-0.00333,-0.001311,0.013069,0.008868,-0.011604,0.011857,0.015528,0.017891,0.015559,0.008975,0.0071,-0.009973,0.013239,0.007956,0.013872,-2.7e-05,-0.012936,0.010081,0.015595,-0.010608,0.011124,0.00731,0.016002,0.011604,0.010416,0.019752,0.004152,0.016221,-0.01367,0.005048,0.011748,0.012816,0.012642,0.002246,-0.00342,0.028279,0.016135,0.022114,0.014512,-0.004183,-0.006162,-0.008167,0.017997,0.006282
foreign_5d,0.897554,0.01206,1.0,0.461473,0.127065,0.063577,-0.027882,0.134366,0.225417,-0.123561,-0.214012,0.120269,0.212326,0.112501,0.082193,0.116775,-0.131533,0.010148,0.016589,0.016756,0.121081,0.11517,0.010492,0.001512,0.117942,0.184446,0.024651,0.219905,0.012054,0.017806,0.007733,-0.01003,-0.007637,0.048361,0.224883,0.011382,-0.136177,0.011027,0.219517,0.134986,-0.028619,-0.00117,0.115187,0.183997,-0.012815,0.04098,0.040301,0.026675,0.029082,-0.011414,-0.00993,-0.020536,0.099876,0.123682,0.121956,-0.268493,0.421808,0.040464,0.110744,0.058294,0.175019,0.124362,-0.013954,0.680631,-0.03093,0.213755,0.041783,0.015563,0.141926,-0.024286,-0.013228,0.035776,0.048136,0.045667,0.036871,0.179516,0.125411,0.193142,0.20584,0.002586,0.00406,0.019724,-0.052623,-0.013307,0.025447,0.028733,-0.070818,0.019364,-0.135338,0.01198,0.219841,-0.012963,0.00469,0.014135,0.021285,0.270776,0.24034,-0.220211,0.263746,0.219841,0.035074,0.265084,0.238157,0.131038,0.019062,0.259149,0.275052,0.24308,0.015677,-0.167427,0.190422,0.096176,-0.172569,0.201114,0.191029,0.242011,0.220211,0.15028,0.058722,0.069134,0.100586,-0.281552,0.242042,0.008256,0.005619,-0.001071,0.00565,0.00922,0.013132,0.010177,0.0058,0.031909,0.017052,0.007548,-0.214101,0.010848,-0.014141
institutional_net,0.506857,0.014228,0.461473,1.0,0.091077,0.029795,-0.051793,0.098619,0.180279,-0.091861,-0.172758,0.087093,0.168428,0.058029,0.044833,0.055964,-0.056657,-0.009188,0.006171,0.013609,0.380261,0.324631,0.057855,0.057906,0.21546,0.201687,0.278925,0.187485,-0.002174,0.015106,0.007861,-0.012362,-0.011765,0.013403,0.179985,0.006481,-0.09207,0.022618,0.238802,0.0988,-0.019441,-0.016998,0.324877,0.145686,-0.002714,0.04965,0.058535,0.01855,0.007856,-0.00482,-0.004261,-0.015861,0.050268,0.352261,0.134795,-0.549791,0.230257,0.137136,0.068378,0.076333,0.105569,0.353841,-0.017869,0.33317,0.011843,0.134059,0.022468,0.002325,0.098111,-0.017168,-0.018834,0.024008,0.034219,0.029066,0.030312,0.13429,0.351348,0.292324,0.165805,0.004414,-0.009355,0.004369,-0.048655,-0.02338,-1.1e-05,0.000538,-0.076157,-0.02062,-0.092698,0.030506,0.155869,-0.021981,0.013282,-0.001941,0.022581,0.227482,0.230825,-0.174951,0.177859,0.155869,-0.007164,0.225629,0.219367,0.078973,0.012066,0.156051,0.200703,0.199701,0.011618,-0.094665,0.154033,0.057502,-0.131437,0.158113,0.133549,0.136084,0.174951,0.283886,0.006487,0.032331,0.058514,-0.25637,0.247759,0.015192,0.000944,-0.000444,0.009229,0.016206,0.008015,0.005097,0.001831,0.02441,-0.002862,-0.000499,-0.277012,0.012077,-0.019322
short_squeeze_proxy,0.171266,0.007206,0.127065,0.091077,1.0,0.200523,0.12496,0.198962,0.319381,-0.12659,-0.265831,0.240535,0.338785,0.243338,0.252726,0.118658,-0.232299,0.281402,0.146604,0.020997,0.117139,0.086797,0.148699,0.035326,0.166476,0.349814,-0.01649,0.329651,0.105311,0.032744,0.002205,0.329254,0.302763,0.172068,0.278614,0.256383,0.12854,-0.141308,0.287284,0.271714,0.144259,0.217478,0.086829,0.269632,-0.027285,0.045137,0.105574,-0.010899,-0.226306,-0.002648,0.055013,0.22829,0.230728,0.231933,0.245378,-0.168549,0.25911,0.035759,0.309204,0.129894,0.337258,0.214386,0.071147,0.181357,-0.033446,0.309861,0.04155,0.07491,0.297475,0.046818,0.062817,0.105083,0.069928,0.128335,0.063401,0.241857,0.200656,0.280429,0.357614,0.018427,0.265199,0.161008,0.083601,0.176575,0.152249,0.246047,0.100645,0.146939,-0.293107,-0.192302,0.322318,0.17709,-0.172278,0.106665,-0.184617,0.39908,0.438516,-0.404741,0.396223,0.322317,0.155622,0.353997,0.440911,0.160875,0.068491,0.356407,0.383495,0.399831,-0.21306,-0.302353,0.344683,0.224328,-0.269289,0.374068,0.383222,0.325536,0.404741,0.220286,0.184187,0.125153,0.233679,-0.368091,0.44978,-0.091156,-0.045784,-0.041726,-0.026163,-0.224167,-0.155212,-0.106442,-0.161353,-0.234628,0.25644,-0.069974,-0.310718,-0.275967,0.261298
vol_ratio_20d,0.080173,0.00274,0.063577,0.029795,0.200523,1.0,-0.13108,0.071447,0.170914,-0.084551,-0.15884,0.045527,0.165281,0.088605,0.0726,-0.065594,-0.080318,0.29144,0.078373,-0.034559,0.095942,0.052514,0.116294,0.008046,0.143298,0.266498,0.036602,0.235686,0.060692,-0.003113,-0.041424,-0.016965,-0.09523,-0.014948,0.132397,-0.008426,0.148822,-0.178039,0.238785,0.184234,-0.084255,0.19132,0.052593,0.139506,0.069076,-0.033938,0.13069,0.014518,-0.064821,-0.008965,0.016934,-0.101057,0.221519,0.2424,0.265639,-0.021173,0.109474,0.091593,0.021068,0.08771,0.113642,0.199683,-0.01186,0.065131,0.017679,0.2322,0.014426,-0.006521,0.077791,-0.009169,-0.011715,0.034556,0.059902,0.028213,0.129587,0.088209,0.196626,0.193362,0.194214,0.071598,0.538497,0.314754,-0.039864,-0.017167,0.020266,0.002091,-0.060985,-0.087325,-0.064408,0.023451,0.160758,-0.01677,0.009202,-0.075056,0.044271,0.207258,0.243679,-0.209155,0.211619,0.160758,-0.072826,0.194103,0.240598,0.128533,-0.011715,0.203344,0.23671,0.172909,0.038714,-0.110321,0.189079,0.022366,-0.110249,0.210716,0.270562,0.173992,0.209155,0.25095,-0.054493,0.737587,0.01803,-0.219841,0.275592,0.013002,0.001285,0.000219,0.001774,0.053591,0.061141,0.027894,0.016848,0.110392,0.492478,0.090868,-0.232224,0.103964,0.27087
BETA_60,-0.036589,0.015285,-0.027882,-0.051793,0.12496,-0.13108,1.0,0.273522,0.058652,-0.207981,-0.033122,0.294855,0.080186,0.180261,0.194447,0.276768,-0.296327,0.216852,0.127599,0.02742,-0.0057,-0.010111,0.110224,0.021732,-0.050831,-0.140466,-0.010354,-0.214753,0.017216,0.010583,-0.016324,0.267825,0.29069,0.66085,0.208042,0.064697,-0.002556,-0.225893,-0.153208,0.048016,0.210118,0.089537,-0.010156,0.076419,-0.103104,0.007372,0.017924,-0.057792,-0.198211,0.028626,0.041754,0.244445,0.036125,0.043182,0.073117,-0.064257,0.077017,-0.028101,0.783834,0.014744,0.437442,0.054817,0.151492,0.102499,-0.031961,-0.203849,0.038506,0.178272,0.388889,0.062225,0.162892,0.083364,-0.053599,0.157964,-0.015028,0.250869,0.043324,0.193308,0.217909,-0.00722,-0.056829,-0.033994,0.299814,0.464161,0.519934,0.605973,0.477745,0.753522,-0.412181,-0.57927,0.250386,0.418358,-0.128119,0.267085,-0.216685,0.20385,0.189641,-0.240773,0.20449,0.250385,0.723711,0.22481,0.196536,0.100995,0.103212,0.156181,0.045722,0.360434,-0.175996,-0.277861,0.151356,0.351318,-0.181298,0.162382,0.040976,0.226225,0.240773,0.032503,0.661683,-0.040227,0.441732,-0.144014,0.064134,-0.158287,-0.036583,-0.031685,-0.050764,-0.209499,-0.132668,-0.015941,-0.047924,-0.288211,0.31099,-0.120684,-0.005438,-0.305305,0.181446
CNTD_20,0.169133,0.016702,0.134366,0.098619,0.198962,0.071447,0.273522,1.0,0.489049,-0.905239,-0.458225,0.898184,0.467244,0.197454,0.165087,0.455327,-0.560894,0.09082,0.091391,0.051729,0.144103,0.131858,0.049438,0.007761,0.021456,0.016111,0.023395,0.422733,0.00592,-0.010411,0.015065,0.12886,0.099884,0.322322,0.465756,0.026024,0.025509,-0.132533,0.183742,0.166666,0.166827,0.152268,0.131939,0.309122,-0.082675,0.045898,0.066534,-0.0122,-0.112655,0.022303,0.045642,0.029762,0.142488,0.221401,0.195744,-0.229162,0.271558,0.010957,0.513186,0.084723,0.486333,0.207146,0.134581,0.213717,-0.053253,0.31803,0.094036,0.123648,0.622262,0.041179,0.135273,0.159503,0.152987,0.214794,0.048929,0.495745,0.212922,0.447048,0.502137,-0.004845,0.15665,0.064658,0.051087,0.217641,0.35758,0.364828,0.114587,0.412901,-0.601526,-0.253096,0.566379,0.21976,-0.117625,0.153874,-0.071051,0.532026,0.502214,-0.54936,0.525326,0.566379,0.424518,0.568727,0.492659,0.330896,0.047275,0.496283,0.333934,0.583241,-0.025197,-0.514733,0.40451,0.593554,-0.699252,0.445909,0.306849,0.562902,0.54936,0.221123,0.523428,0.037294,0.608571,-0.480428,0.354318,-0.059855,0.081379,0.061376,-0.008013,-0.098155,0.025481,0.030545,0.072043,-0.036833,0.195087,-0.037885,-0.260261,-0.066711,0.253129
CNTD_5,0.266895,0.005614,0.225417,0.180279,0.319381,0.170914,0.058652,0.489049,1.0,-0.451466,-0.933834,0.440257,0.930157,0.111209,0.125652,0.179066,-0.243467,0.083101,0.087469,0.055789,0.281054,0.240232,0.06311,0.023185,0.322299,0.505465,0.031358,0.396301,0.012386,0.005303,-0.00137,0.046194,0.028357,0.174271,0.354815,0.012478,0.058228,-0.08965,0.498975,0.33202,0.045776,0.123392,0.240475,0.579563,-0.032577,0.088254,0.122989,0.021102,-0.062633,0.015643,0.037086,-0.005822,0.26758,0.399315,0.242899,-0.328446,0.356811,0.089639,0.2944,0.110581,0.371287,0.384364,0.062486,0.257562,-0.021416,0.37878,0.046171,0.059712,0.30345,0.017048,0.062288,0.080436,0.076795,0.102291,0.075141,0.319206,0.398815,0.431794,0.41977,0.002453,0.175719,0.07156,0.024909,0.110032,0.207148,0.208466,0.032215,0.081052,-0.295485,-0.127862,0.405223,0.109864,-0.059905,0.047285,-0.017412,0.550034,0.570682,-0.478549,0.533059,0.405223,0.092909,0.503214,0.575394,0.265106,0.016491,0.531947,0.614735,0.525043,0.002314,-0.313615,0.393509,0.264605,-0.568141,0.434896,0.462752,0.443466,0.478549,0.423807,0.120944,0.143496,0.292525,-0.553762,0.636038,-0.029598,0.039961,0.029309,-0.009649,-0.034992,0.02418,0.027253,0.043018,0.011962,0.149871,-0.010966,-0.551975,-0.005707,0.148547
CNTN_20,-0.155712,-0.018471,-0.123561,-0.091861,-0.12659,-0.084551,-0.207981,-0.905239,-0.451466,1.0,0.506718,-0.646483,-0.346399,-0.135539,-0.088569,-0.409178,0.492821,0.050815,-0.036742,-0.055671,-0.154979,-0.155209,0.027151,0.017253,-0.022771,-0.022366,-0.022168,-0.39194,0.002319,0.017873,0.008341,0.016471,0.052508,-0.257127,-0.427601,0.084952,-0.026242,0.081055,-0.179709,-0.138786,-0.103599,-0.113667,-0.15535,-0.252013,0.066289,-0.0483,-0.050467,-0.015905,0.057731,-0.033394,-0.033615,0.133367,-0.110176,-0.15993,-0.170983,0.211578,-0.271678,-0.008953,-0.438797,-0.07964,-0.413674,-0.141699,-0.089064,-0.192878,0.053479,-0.296197,-0.083042,-0.086594,-0.549904,-0.008607,-0.095939,-0.1196,-0.140095,-0.16166,-0.054263,-0.441895,-0.154504,-0.376271,-0.46331,0.001762,-0.164383,-0.049639,0.007351,-0.139527,-0.377357,-0.275579,-0.048626,-0.344606,0.529882,0.175283,-0.504914,-0.129438,0.036011,-0.117069,-0.094178,-0.47426,-0.460398,0.497288,-0.467232,-0.504916,-0.361331,-0.520029,-0.447646,-0.331916,-0.021459,-0.463046,-0.315103,-0.516476,-0.101618,0.426866,-0.365024,-0.505235,0.508411,-0.403,-0.288127,-0.516408,-0.497288,-0.1831,-0.446732,-0.041136,-0.516951,0.444675,-0.32971,-0.024708,-0.112553,-0.080458,-0.010727,-0.013113,-0.178165,-0.152287,-0.22772,-0.149679,-0.153554,0.02097,0.25277,-0.112771,-0.235097
CNTN_5,-0.252902,-0.007492,-0.214012,-0.172758,-0.265831,-0.15884,-0.033122,-0.458225,-0.933834,0.506718,1.0,-0.328384,-0.757512,-0.073608,-0.081298,-0.169537,0.214427,0.007606,-0.058956,-0.065846,-0.279031,-0.246655,-0.022163,-0.017596,-0.311114,-0.47719,-0.032789,-0.368114,-0.007579,0.001324,0.011018,0.032275,0.048592,-0.142521,-0.329586,0.04372,-0.050448,0.056913,-0.47727,-0.307622,-0.007013,-0.04762,-0.246935,-0.50327,0.023509,-0.090978,-0.107322,-0.035916,0.027419,-0.021202,-0.02927,0.09331,-0.236557,-0.32863,-0.222864,0.312172,-0.348688,-0.079033,-0.256517,-0.104451,-0.32722,-0.313921,-0.040972,-0.240859,0.027169,-0.351217,-0.041073,-0.040729,-0.270646,-0.001868,-0.043914,-0.059133,-0.06903,-0.075551,-0.072953,-0.290806,-0.33146,-0.374035,-0.39025,-0.002497,-0.14887,-0.049983,0.003547,-0.071247,-0.218842,-0.164088,-0.001549,-0.058652,0.262663,0.089211,-0.368485,-0.065313,0.019314,-0.024409,-0.070301,-0.505102,-0.529704,0.438801,-0.488146,-0.368486,-0.071544,-0.467883,-0.532281,-0.260309,-0.003054,-0.498064,-0.578248,-0.478363,-0.074633,0.268056,-0.360251,-0.228281,0.441349,-0.397966,-0.43182,-0.410912,-0.438801,-0.38444,-0.094613,-0.142641,-0.252388,0.518122,-0.595711,-0.015974,-0.058868,-0.041339,-0.00077,-0.020789,-0.103635,-0.090225,-0.124862,-0.109996,-0.116341,-0.000653,0.529365,-0.086904,-0.118518
CNTP_20,0.152016,0.011585,0.120269,0.087093,0.240535,0.045527,0.294855,0.898184,0.440257,-0.646483,-0.328384,1.0,0.508574,0.226281,0.213303,0.417845,-0.526893,0.221772,0.132178,0.038735,0.107809,0.084926,0.120357,0.03289,0.015557,0.005992,0.020225,0.377961,0.015142,0.003541,0.040612,0.25696,0.241175,0.33053,0.420374,0.138156,0.020384,-0.160898,0.154323,0.165687,0.202391,0.165124,0.084929,0.312267,-0.089568,0.035418,0.072151,-0.040155,-0.151744,0.006531,0.05307,0.194762,0.151763,0.24724,0.188772,-0.205729,0.223593,0.010124,0.503573,0.073882,0.475859,0.238442,0.157567,0.196591,-0.042844,0.283573,0.089076,0.13999,0.58731,0.067473,0.151866,0.172211,0.137456,0.230337,0.034664,0.455438,0.235545,0.435145,0.453768,-0.007678,0.122476,0.068505,0.10256,0.261973,0.279115,0.39581,0.164213,0.411039,-0.570155,-0.291334,0.528941,0.275412,-0.180298,0.166968,-0.229518,0.495969,0.459209,-0.507998,0.490765,0.52894,0.418415,0.518022,0.450648,0.273087,0.069121,0.441764,0.293343,0.548855,-0.153554,-0.51233,0.373627,0.579116,-0.772944,0.412241,0.270741,0.510172,0.507998,0.221254,0.509241,0.027776,0.597233,-0.431838,0.318363,-0.137152,0.033466,0.030043,-0.025423,-0.196178,-0.13745,-0.10007,-0.10163,-0.224227,0.207139,-0.049599,-0.223117,-0.241996,0.229064
CNTP_5,0.251932,0.003304,0.212326,0.168428,0.338785,0.165281,0.080186,0.467244,0.930157,-0.346399,-0.757512,0.508574,1.0,0.138384,0.160605,0.170736,-0.248588,0.168523,0.107844,0.039271,0.25213,0.207027,0.099166,0.027207,0.297539,0.475641,0.025344,0.381532,0.018547,0.012458,0.008789,0.123254,0.105629,0.190348,0.343795,0.069891,0.060243,-0.113269,0.466229,0.322183,0.081629,0.188292,0.207203,0.594421,-0.040144,0.075911,0.126849,0.004615,-0.095041,0.00859,0.043959,0.086775,0.272426,0.430536,0.243081,-0.30769,0.324758,0.089224,0.303403,0.10379,0.378363,0.416247,0.077571,0.245727,-0.011453,0.364863,0.047151,0.07337,0.305596,0.03144,0.074154,0.09373,0.076111,0.118674,0.068777,0.313761,0.426187,0.445064,0.403515,0.001894,0.185673,0.087164,0.051749,0.139416,0.174997,0.234366,0.061091,0.097496,-0.298579,-0.154896,0.40207,0.145069,-0.094943,0.067063,-0.106066,0.537175,0.548197,-0.466617,0.522273,0.402069,0.107184,0.486223,0.55275,0.242128,0.029965,0.509125,0.584258,0.515865,-0.074729,-0.329545,0.383686,0.275284,-0.63702,0.424787,0.441909,0.429848,0.466617,0.419825,0.137154,0.129134,0.304782,-0.530483,0.603256,-0.073116,0.015432,0.013043,-0.019369,-0.088316,-0.061091,-0.040412,-0.046783,-0.091399,0.17019,-0.023327,-0.512269,-0.10145,0.165082
CORD_10,0.148158,0.003924,0.112501,0.058029,0.243338,0.088605,0.180261,0.197454,0.111209,-0.135539,-0.073608,0.226281,0.138384,1.0,0.67456,0.318422,-0.439551,0.259549,0.104267,-0.002792,0.015736,-0.007313,0.133134,0.029513,-0.092598,0.091611,-0.039277,0.372538,-0.051034,-0.057334,-0.036281,0.260206,0.205993,0.268115,0.397486,0.10687,0.07221,-0.102591,0.126595,0.155214,0.203114,0.197861,-0.00733,0.115871,-0.019755,0.041659,0.066079,0.02185,-0.244415,-0.022131,0.028738,0.178695,0.13331,0.10435,0.153569,-0.115267,0.22431,0.029419,0.41034,0.086104,0.552202,0.092919,-0.014728,0.167429,-0.059266,0.364799,0.08481,0.075833,0.432865,9.3e-05,-0.006918,0.124827,0.101506,0.170565,0.039664,0.399869,0.081075,0.318237,0.41128,0.008393,0.203015,0.158777,0.029961,0.16186,0.135641,0.252827,0.063361,0.282432,-0.425129,-0.192372,0.50274,0.156799,-0.011853,0.105882,-0.12062,0.484449,0.425216,-0.496379,0.489731,0.502739,0.303912,0.417548,0.429348,0.214055,-0.011498,0.375062,0.25911,0.502408,-0.118436,-0.528333,0.457966,0.356073,-0.252878,0.507136,0.340158,0.43667,0.496379,0.09365,0.376082,-0.025573,0.382288,-0.376058,0.290844,-0.074627,-0.097838,-0.081744,-0.021637,-0.062759,-0.116726,-0.064318,-0.142274,-0.256667,0.230782,-0.185854,-0.053267,-0.22304,0.267492
CORR_10,0.114021,0.004718,0.082193,0.044833,0.252726,0.0726,0.194447,0.165087,0.125652,-0.088569,-0.081298,0.213303,0.160605,0.67456,1.0,0.275574,-0.406359,0.302127,0.105558,-0.024967,0.023102,-0.019248,0.172275,0.056637,0.063545,0.119546,0.00538,0.272243,0.051261,-0.098525,-0.054146,0.292162,0.254651,0.276431,0.326478,0.144726,0.083299,-0.093681,0.164638,0.167978,0.190479,0.170629,-0.019195,0.113172,0.003448,0.048461,0.084814,-0.007131,-0.24698,-0.021673,0.041024,0.2461,0.177741,0.133933,0.206046,-0.079569,0.139706,0.018091,0.367413,0.064492,0.483399,0.131859,-0.030289,0.116177,-0.051483,0.238285,0.062571,0.071374,0.363813,0.011324,-0.019981,0.118727,0.075021,0.16127,0.030158,0.338125,0.117793,0.29714,0.292789,0.01846,0.131202,0.127888,0.072859,0.184025,0.092145,0.246813,0.103277,0.256035,-0.360441,-0.208453,0.399597,0.183565,0.008488,0.092103,-0.155113,0.419228,0.324318,-0.377532,0.432138,0.399596,0.267669,0.296191,0.325454,0.121558,-0.028568,0.200233,0.133442,0.415899,-0.1816,-0.478135,0.316033,0.331152,-0.213446,0.347803,0.231437,0.275312,0.377532,0.118768,0.320949,0.001726,0.367408,-0.236345,0.240019,-0.086542,-0.128362,-0.104786,-0.027105,-0.076008,-0.169229,-0.118077,-0.21037,-0.321462,0.232571,-0.221938,-0.058297,-0.298653,0.198244
IMIN_20,0.146668,0.007461,0.116775,0.055964,0.118658,-0.065594,0.276768,0.455327,0.179066,-0.409178,-0.169537,0.417845,0.170736,0.318422,0.275574,1.0,-0.767397,0.054173,0.034819,0.00735,0.031873,0.015743,0.049332,0.025637,-0.078101,-0.1205,-0.035044,0.376171,-0.125565,-0.065561,0.039252,0.122669,0.126567,0.308813,0.453734,0.012494,0.012511,-0.09988,0.070625,0.076295,0.196628,0.067565,0.015763,0.140978,-0.058607,0.059992,0.01653,0.033561,-0.13369,0.042212,0.028859,0.044193,0.043057,0.049532,0.10486,-0.134347,0.212235,0.008605,0.504799,0.070545,0.516032,0.050017,0.076488,0.175343,-0.166597,0.276347,0.100954,0.106609,0.627137,0.023224,0.081797,0.147417,0.142475,0.204885,0.023705,0.550141,0.044041,0.375446,0.447015,-0.061771,-0.007964,-0.033246,0.024924,0.194714,0.297621,0.318162,0.087901,0.441192,-0.606595,-0.231482,0.529989,0.189791,-0.074266,0.19659,-0.057442,0.503632,0.403918,-0.500462,0.520104,0.529989,0.458283,0.516746,0.395776,0.308594,0.050427,0.382916,0.190359,0.524795,0.06517,-0.471201,0.354987,0.413749,-0.320895,0.389245,0.233215,0.500654,0.500462,0.06616,0.565914,-0.036599,0.401961,-0.361298,0.221321,-0.057676,0.021306,0.01456,-0.012667,-0.068418,-0.016653,0.039944,0.037229,-0.099895,0.130163,-0.109743,-0.099442,-0.090351,0.168017
IMXD_20,-0.172105,-0.015068,-0.131533,-0.056657,-0.232299,-0.080318,-0.296327,-0.560894,-0.243467,0.492821,0.214427,-0.526893,-0.248588,-0.439551,-0.406359,-0.767397,1.0,-0.175597,-0.086796,-0.006801,-0.037907,-0.016519,-0.09654,-0.026297,0.090566,0.080034,0.047941,-0.508735,-0.012442,0.029679,-0.015527,-0.220593,-0.168669,-0.365883,-0.566107,-0.040573,-0.064635,0.172418,-0.122845,-0.177603,-0.253069,-0.212231,-0.016556,-0.203614,0.074042,-0.042972,-0.063332,-0.003448,0.234794,-0.028094,-0.058312,-0.108211,-0.138192,-0.117159,-0.275034,0.151253,-0.269156,0.040651,-0.597392,-0.101133,-0.654449,-0.098969,-0.094959,-0.205415,0.128404,-0.41623,-0.119169,-0.130588,-0.741112,-0.031183,-0.09728,-0.187823,-0.182914,-0.255017,-0.05315,-0.598963,-0.095352,-0.448944,-0.579863,0.002338,-0.22858,-0.139785,-0.035184,-0.236294,-0.343826,-0.386083,-0.101395,-0.495193,0.71454,0.27724,-0.701934,-0.232675,0.104497,-0.20553,0.105253,-0.650678,-0.527771,0.651355,-0.672074,-0.701934,-0.517882,-0.644919,-0.522253,-0.411306,-0.048224,-0.509152,-0.26828,-0.665956,0.086991,0.648737,-0.491865,-0.506616,0.441589,-0.537349,-0.354652,-0.648425,-0.651355,-0.116969,-0.652497,0.007011,-0.501831,0.472702,-0.313602,0.086333,-0.012419,-0.006235,0.023158,0.100036,0.029526,-0.018716,-0.007745,0.14307,-0.262734,0.129084,0.13639,0.132146,-0.356989
KLEN,0.017208,-0.009315,0.010148,-0.009188,0.281402,0.29144,0.216852,0.09082,0.083101,0.050815,0.007606,0.221772,0.168523,0.259549,0.302127,0.054173,-0.175597,1.0,0.338126,-0.061967,-0.032565,-0.102872,0.421581,0.060978,0.055042,0.085277,0.026508,0.133727,0.040444,0.039961,0.054286,0.426971,0.409952,0.215041,0.144727,0.273639,0.095018,-0.285239,0.080816,0.128577,0.214203,0.272647,-0.103227,0.123491,-0.076961,0.028183,0.068047,-0.126322,-0.332949,-0.027648,0.044772,0.595918,0.134686,0.268978,0.190535,-0.016414,-0.002023,0.065671,0.277722,0.02928,0.287682,0.273329,0.004445,0.046198,0.033836,0.096676,0.036558,0.112899,0.218805,0.070576,-0.000931,0.125008,0.037063,0.160184,0.036388,0.168684,0.2284,0.271488,0.162195,0.010517,0.181808,0.137138,0.20958,0.285762,-0.056295,0.290768,0.237397,0.210576,-0.221557,-0.283601,0.200171,0.303704,-0.066478,0.186853,-0.461092,0.220098,0.195288,-0.213095,0.228955,0.200167,0.209622,0.172432,0.193307,0.016157,0.118032,0.119911,0.114583,0.247236,-0.465575,-0.270288,0.16678,0.228009,-0.202897,0.185244,0.12517,0.141029,0.213096,0.178164,0.211603,0.277732,0.240834,-0.150542,0.15295,-0.284663,-0.308197,-0.232679,-0.110787,-0.231697,-0.555516,-0.389171,-0.57228,-0.667004,0.434338,-0.173416,-0.069212,-0.585607,0.228739
KLOW,0.022206,0.00038,0.016589,0.006171,0.146604,0.078373,0.127599,0.091391,0.087469,-0.036742,-0.058956,0.132178,0.107844,0.104267,0.105558,0.034819,-0.086796,0.338126,1.0,0.856681,-0.030876,0.272251,0.028343,-0.127049,0.042079,0.062752,0.017718,0.089322,0.062957,0.045047,0.032378,0.214544,0.205798,0.1229,0.094195,0.13385,0.032985,-0.124675,0.062239,0.088994,0.07766,0.054596,0.272419,0.033351,-0.023677,0.007632,-0.042248,-0.032409,-0.143289,-0.003645,0.016914,0.252035,0.02951,0.081454,0.042074,-0.026674,0.017349,-0.034127,0.169268,0.014505,0.097927,0.072256,0.029321,0.046216,0.069482,0.069801,0.024419,0.063585,0.136906,0.032042,0.024125,0.057944,0.017633,0.075313,0.006558,0.098075,0.072875,0.115342,0.125928,-0.010086,0.095724,0.065797,0.10456,0.153398,0.040695,0.171311,0.128154,0.131367,-0.138506,-0.159768,0.12998,0.154377,-0.071206,0.107005,-0.19352,0.143427,0.142751,-0.142852,0.095668,0.129978,0.130514,0.161722,0.140389,0.008014,0.067062,0.13418,0.133353,0.16026,-0.218073,-0.121698,0.115657,0.126695,-0.128828,0.124695,0.081416,0.133811,0.142853,0.045056,0.132332,0.058743,0.132017,-0.163225,0.121042,-0.110879,-0.107726,-0.080676,-0.03433,-0.137625,-0.222488,-0.149625,-0.208081,-0.256528,0.169348,-0.043983,-0.088908,-0.25254,0.129623
KLOW2,0.019063,0.005664,0.016756,0.013609,0.020997,-0.034559,0.02742,0.051729,0.055789,-0.055671,-0.065846,0.038735,0.039271,-0.002792,-0.024967,0.00735,-0.006801,-0.061967,0.856681,1.0,-0.013191,0.350249,-0.162357,-0.18275,0.024433,0.029347,0.01515,0.030669,0.042771,0.027248,0.009019,0.036026,0.034571,0.033454,0.032878,0.021771,-0.012154,-0.001201,0.033836,0.0342,-0.017301,-0.064458,0.350626,-0.023655,0.006112,0.000863,-0.073971,0.020218,0.012168,0.013487,-0.010717,-0.005986,-0.037023,-0.026489,-0.044593,-0.02012,0.017467,-0.054272,0.042257,-0.000176,-0.030249,-0.037441,0.024014,0.030284,0.061379,0.026348,0.007787,0.013189,0.037656,8.9e-05,0.020698,0.002369,0.000678,0.004101,-0.010493,0.025461,-0.016842,0.005149,0.053648,-0.014375,0.018832,0.005697,0.009576,0.022534,0.055621,0.039753,0.016675,0.034276,-0.037939,-0.02986,0.045009,0.018504,-0.045056,0.023023,0.006715,0.052919,0.058599,-0.048407,-0.005037,0.045009,0.032536,0.094981,0.057477,-0.003483,0.006831,0.086943,0.092093,0.057078,-0.017029,-0.004138,0.041669,0.026323,-0.04606,0.042488,0.026248,0.075847,0.048407,-0.026096,0.034221,-0.045535,0.02807,-0.108581,0.057657,0.017387,0.025488,0.022015,0.016835,-0.041196,0.017568,0.01572,0.035484,0.028823,-0.016363,0.036906,-0.063736,-0.001795,0.031195
KMID,0.133091,0.009737,0.121081,0.380261,0.117139,0.095942,-0.0057,0.144103,0.281054,-0.154979,-0.279031,0.107809,0.25213,0.015736,0.023102,0.031873,-0.037907,-0.032565,-0.030876,-0.013191,1.0,0.790817,0.158296,0.160104,0.525447,0.379645,0.634231,0.212848,-0.012538,-0.003761,-0.000943,-0.057976,-0.064086,0.059051,0.174365,-0.060735,0.006301,-0.043454,0.390359,0.161344,0.004605,0.027764,0.791762,0.348381,-0.000445,0.06159,0.121173,0.027885,0.007251,0.000939,-0.007283,-0.077336,0.110641,0.692628,0.257066,-0.553549,0.183405,0.232883,0.1288,0.053625,0.0895,0.707255,0.021218,0.131046,0.084352,0.096729,0.00518,0.003461,0.131426,-0.006594,0.021433,0.016793,0.026637,0.020689,0.047296,0.142676,0.688602,0.503417,0.223926,0.019364,0.018362,-0.007518,-0.016731,0.022449,0.133278,0.082899,-0.012771,-0.006429,-0.12625,-0.033816,0.172693,0.01392,-0.016677,-0.006235,0.057015,0.297057,0.387998,-0.246164,0.188699,0.172692,0.001109,0.309539,0.361658,0.083771,0.006272,0.177599,0.2723,0.273559,0.06598,-0.062756,0.179955,0.069499,-0.147028,0.198272,0.205891,0.136682,0.246164,0.504869,-0.005342,0.135753,0.076907,-0.361389,0.456717,0.014052,0.046692,0.035504,0.000869,0.030121,0.077639,0.070827,0.102421,0.087671,0.056805,0.021708,-0.569682,0.099028,0.013063
KSFT,0.125603,0.011962,0.11517,0.324631,0.086797,0.052514,-0.010111,0.131858,0.240232,-0.155209,-0.246655,0.084926,0.207027,-0.007313,-0.019248,0.015743,-0.016519,-0.102872,0.272251,0.350249,0.790817,1.0,-0.236452,-0.266494,0.449359,0.330218,0.532097,0.191586,-0.004753,0.002366,0.000396,-0.092713,-0.098886,0.050469,0.157748,-0.092513,-0.008472,-0.029673,0.343162,0.144796,0.004502,0.028328,0.999604,0.266473,-0.009842,0.026122,0.067108,0.035031,0.019846,-0.00047,-0.005959,-0.104246,0.052861,0.560698,0.230533,-0.472331,0.182404,0.1969,0.110887,0.041109,0.022661,0.57393,0.022074,0.132111,0.102909,0.091951,0.007248,0.001482,0.116462,-0.013333,0.021318,0.0038,0.019435,0.005318,0.031782,0.1259,0.56306,0.424323,0.209049,0.02146,0.014314,-0.014828,-0.029901,0.006763,0.143678,0.069761,-0.02266,-0.005756,-0.11158,-0.020185,0.156406,-0.004569,-0.00957,-0.00593,0.086713,0.262336,0.341468,-0.219562,0.128889,0.156405,0.001697,0.308045,0.31931,0.058409,0.005618,0.196003,0.28226,0.242575,0.08241,-0.024566,0.162696,0.050544,-0.11962,0.178032,0.176143,0.151384,0.219562,0.417725,-0.004499,0.079664,0.056311,-0.36206,0.400077,0.029472,0.064446,0.051123,0.013196,0.051561,0.108649,0.094925,0.143071,0.123375,0.018938,0.037473,-0.503375,0.142649,0.010266
KUP,0.012955,-0.006713,0.010492,0.057855,0.148699,0.116294,0.110224,0.049438,0.06311,0.027151,-0.022163,0.120357,0.099166,0.133134,0.172275,0.049332,-0.09654,0.421581,0.028343,-0.162357,0.158296,-0.236452,1.0,0.873238,0.071562,0.061774,0.084262,0.058799,0.033085,0.021307,0.020079,0.275838,0.271885,0.099623,0.0617,0.209845,0.042327,-0.116201,0.052082,0.06551,0.054536,0.031794,-0.234764,0.079257,0.002337,0.06428,0.025025,-0.054327,-0.100492,-0.003935,0.004708,0.278778,0.09829,0.151137,0.025054,-0.076619,-0.030243,0.007719,0.137231,0.017167,0.182494,0.146135,0.033877,0.010694,-0.005137,0.033611,0.012518,0.059904,0.103818,0.049026,0.029338,0.067219,0.019219,0.085303,0.021274,0.074854,0.133244,0.126399,0.073158,-0.016029,0.067256,0.066084,0.123871,0.154061,-0.026979,0.146547,0.130036,0.100499,-0.105489,-0.149727,0.092286,0.165019,-0.096365,0.077446,-0.244562,0.111812,0.116094,-0.106456,0.144498,0.092284,0.097694,0.057651,0.111483,0.029381,0.04747,0.017424,0.015265,0.124019,-0.224808,-0.151232,0.079164,0.112213,-0.113391,0.089214,0.068522,0.03579,0.106457,0.08541,0.098941,0.119176,0.118776,-0.042324,0.10311,-0.129727,-0.125919,-0.095479,-0.050342,-0.192301,-0.265434,-0.194183,-0.282589,-0.305397,0.183289,-0.056534,-0.072808,-0.331653,0.091715
KUP2,0.000209,-0.003672,0.001512,0.057906,0.035326,0.008046,0.021732,0.007761,0.023185,0.017253,-0.017596,0.03289,0.027207,0.029513,0.056637,0.025637,-0.026297,0.060978,-0.127049,-0.18275,0.160104,-0.266494,0.873238,1.0,0.035063,0.015243,0.062023,-0.00133,0.020971,0.007194,-0.002007,0.121133,0.124289,0.014208,-0.003475,0.112183,0.003673,-0.002952,0.004797,0.012429,-0.029013,-0.079877,-0.26429,0.023653,0.026071,0.061127,0.005796,-0.00411,0.015158,0.010869,-0.016575,0.056622,0.048601,0.031143,-0.053583,-0.064189,-0.03828,-0.029449,0.018172,0.002955,0.069635,0.022983,0.027556,-0.014917,-0.021612,-0.009824,-0.003492,0.013747,0.010091,0.022453,0.025149,0.019068,0.003567,0.022708,0.004578,-0.003344,0.028835,0.000811,-0.003613,-0.018405,-0.003439,0.013277,0.040294,0.038188,-0.016744,0.026173,0.033127,0.014236,-0.010968,-0.033912,0.003489,0.045584,-0.072342,0.003399,-0.069727,0.010097,0.02176,-0.00975,0.049612,0.003489,0.010584,-0.027689,0.01913,0.018724,-0.001854,-0.046402,-0.048688,0.013431,-0.05376,-0.04655,0.004399,0.020597,-0.032454,0.006656,0.010128,-0.032996,0.00975,0.001092,0.012494,0.017131,0.023245,0.036943,0.024175,-0.01747,-0.010314,-0.005641,-0.007639,-0.106375,-0.056336,-0.050924,-0.07272,-0.056833,0.009577,0.009846,-0.024843,-0.112913,0.001518
RESI_10,0.117183,0.003894,0.117942,0.21546,0.166476,0.143298,-0.050831,0.021456,0.322299,-0.022771,-0.311114,0.015557,0.297539,-0.092598,0.063545,-0.078101,0.090566,0.055042,0.042079,0.024433,0.525447,0.449359,0.071562,0.035063,1.0,0.510595,0.470111,0.098815,0.048371,-0.009003,-0.007137,-0.027204,-0.016587,0.013459,0.065108,-0.00028,0.028966,-0.033978,0.657844,0.2189,-0.028253,-0.003812,0.449787,0.239137,0.034642,0.159219,0.211425,-0.003727,0.048768,-0.014717,-0.009659,-0.004594,0.367758,0.538966,0.272474,-0.35747,0.125041,0.194883,0.017575,0.04573,0.030203,0.560714,0.001694,0.096347,0.046677,-0.062235,-0.012779,-0.006979,-0.007071,0.001593,0.000648,0.000745,-0.001739,-0.005978,0.053028,0.027217,0.544707,0.339663,0.078863,0.019739,-0.066838,-0.053837,0.006557,0.005163,0.028379,0.025511,-0.005746,-0.121376,0.007107,-0.006212,0.007877,0.00514,-0.006233,-0.040734,0.012449,0.203121,0.309946,-0.091192,0.146599,0.007877,-0.121657,0.166077,0.281276,-0.009497,-0.007053,-0.016681,0.220754,0.159857,0.00245,0.032239,-0.024496,-0.01473,-0.018193,-0.027651,0.126405,-0.068599,0.091192,0.533262,-0.174291,0.269334,0.005027,-0.22307,0.504896,-0.001794,0.004678,0.004007,-0.003531,0.002963,0.008431,0.005124,0.004673,0.019253,0.062639,0.011797,-0.743459,0.019185,-0.080742
RESI_20,0.220992,0.000725,0.184446,0.201687,0.349814,0.266498,-0.140466,0.016111,0.505465,-0.022366,-0.47719,0.005992,0.475641,0.091611,0.119546,-0.1205,0.080034,0.085277,0.062752,0.029347,0.379645,0.330218,0.061774,0.015243,0.510595,1.0,0.166003,0.291104,0.032579,0.05492,-0.027411,-0.021716,-0.034524,0.015661,0.175388,0.003457,0.105673,-0.054578,0.683293,0.347006,-0.056401,0.099772,0.330503,0.383935,0.031938,0.138626,0.182054,0.070455,-0.064794,0.015463,0.03112,-0.010849,0.358147,0.426972,0.284923,-0.335432,0.304654,0.155029,0.044638,0.111193,0.169901,0.416797,-0.001177,0.179319,-0.003752,0.338571,-0.010677,-0.006423,-0.033926,-0.000734,-0.002712,-0.0031,-0.006478,-0.015299,0.087779,0.073612,0.409559,0.287673,0.250908,0.013942,0.193659,0.075476,0.010433,0.004585,0.047642,0.041189,-0.032934,-0.237229,0.031376,-0.004586,0.150696,0.004885,-0.008573,-0.048718,0.022243,0.432534,0.520361,-0.307471,0.401741,0.150696,-0.227803,0.307571,0.532096,0.126094,-0.01323,0.405944,0.657205,0.341026,-0.011234,-0.041086,0.360115,-0.049186,-0.193887,0.405175,0.538308,0.205949,0.307471,0.450999,-0.272903,0.227758,-0.013915,-0.478448,0.769171,-0.001531,0.005552,0.004748,-0.009368,0.019568,0.014056,0.012827,0.009172,0.046338,0.111876,0.018485,-0.708901,0.042821,0.050702
RESI_5,0.012447,0.008081,0.024651,0.278925,-0.01649,0.036602,-0.010354,0.023395,0.031358,-0.022168,-0.032789,0.020225,0.025344,-0.039277,0.00538,-0.035044,0.047941,0.026508,0.017718,0.01515,0.634231,0.532097,0.084262,0.062023,0.470111,0.166003,1.0,0.036112,-0.016519,-0.006782,0.000539,-0.008837,-0.005864,0.010606,0.026229,-0.001717,-0.023461,-0.011796,0.205065,0.024998,-0.007061,-0.03418,0.532642,0.011862,0.009356,0.156456,0.206787,-0.002784,0.006148,0.001567,0.003633,0.000137,0.137002,0.643734,0.222803,-0.395657,-0.012081,0.224445,0.013458,-0.002196,-0.030388,0.669808,0.000114,0.011775,0.095255,-0.102336,-0.007833,-0.003847,0.006582,0.00145,0.000301,-0.000115,-0.002665,-0.00014,0.019421,0.015433,0.645922,0.394141,0.028399,0.02331,-0.063359,-0.030595,0.005484,0.007362,0.017199,0.017419,0.003308,-0.029657,-0.005521,-0.007708,0.010407,0.006992,-0.001177,-0.015445,0.004396,0.083387,0.152178,-0.034655,-0.003085,0.010406,-0.029498,0.09199,0.116554,-0.041649,-0.000399,-0.093888,-0.029785,0.067299,0.004883,0.02669,0.006639,0.003449,-0.023885,0.006961,-0.017316,-0.086383,0.034655,0.445744,-0.050638,0.097535,0.012206,-0.120805,0.183751,-0.002851,-0.000253,-0.000175,-0.002016,0.000224,0.000415,-0.001983,-0.000839,0.001536,0.018983,0.00419,-0.352859,0.005291,-0.050012
RESI_60,0.286481,0.007122,0.219905,0.187485,0.329651,0.235686,-0.214753,0.422733,0.396301,-0.39194,-0.368114,0.377961,0.381532,0.372538,0.272243,0.376171,-0.508735,0.133727,0.089322,0.030669,0.212848,0.191586,0.058799,-0.00133,0.098815,0.291104,0.036112,1.0,0.015201,0.0358,0.064906,0.08891,0.030528,0.027011,0.671446,0.008685,0.109191,-0.092404,0.468692,0.281318,0.196119,0.236515,0.191701,0.314092,-0.07778,0.095462,0.127025,0.110902,-0.253932,0.06188,0.077663,0.023598,0.251237,0.280137,0.276997,-0.272193,0.358479,0.061852,0.326123,0.138392,0.540449,0.254122,-0.000369,0.228819,-0.068233,0.750042,0.109474,0.042856,0.643449,-0.008414,-0.002924,0.180138,0.242066,0.213144,0.095033,0.517038,0.248581,0.485333,0.696742,0.002125,0.32484,0.156416,-0.149927,0.023298,0.131491,0.115007,-0.191991,0.126581,-0.624855,-0.009453,0.67507,0.029022,-0.018303,0.120942,0.00539,0.701395,0.755158,-0.782814,0.685625,0.67507,0.176683,0.684646,0.748809,0.451449,0.033319,0.628702,0.543017,0.695428,-0.038925,-0.523876,0.632735,0.371519,-0.435112,0.702814,0.5923,0.656512,0.782814,0.280097,0.337665,0.090164,0.346742,-0.661785,0.618639,-0.01764,-0.001228,-0.00571,-0.005745,0.031224,0.001686,0.03812,0.016012,-0.027795,0.19056,-0.113605,-0.429954,0.006104,0.350165
RSQR_10,0.016076,0.018117,0.012054,-0.002174,0.105311,0.060692,0.017216,0.00592,0.012386,0.002319,-0.007579,0.015142,0.018547,-0.051034,0.051261,-0.125565,-0.012442,0.040444,0.062957,0.042771,-0.012538,-0.004753,0.033085,0.020971,0.048371,0.032579,-0.016519,0.015201,1.0,0.17421,-0.017908,0.060348,0.053093,0.027144,0.008998,0.02746,0.030379,-0.029097,0.01524,0.136882,0.00249,-0.007668,-0.004649,0.001305,-0.034572,0.013701,-0.009313,-0.016276,-0.034673,-0.033021,0.025231,0.199423,0.002039,0.01031,0.125602,0.01631,0.012171,-0.167528,0.001946,0.008739,-0.006748,-0.00466,0.007433,0.015339,0.054705,0.017277,-0.004098,0.004268,0.000117,0.005955,0.006381,0.007587,0.002168,-0.004101,0.006425,-0.040558,-0.004825,-0.019767,0.013281,0.032726,0.147825,0.06626,0.006933,0.017995,0.013716,0.020571,0.0138,0.011018,-0.001761,-0.020638,0.007235,0.01756,-0.017543,0.132594,-0.027131,-0.000748,-0.008727,0.017016,0.003072,0.007235,0.00778,-0.008962,-0.009906,0.014297,0.02734,-0.012782,0.004503,-0.007887,-0.423536,-0.037384,-0.00553,0.029638,-0.003079,-0.026497,0.027541,-0.009832,-0.017016,-0.005365,0.007128,-0.020124,0.038317,0.011701,0.008614,-0.003745,-0.001051,-0.00075,0.001485,-0.024824,-0.035902,-0.012609,-0.01446,-0.018574,0.080202,-0.028338,-0.021095,-0.042242,0.125013
RSQR_20,0.022748,-0.002461,0.017806,0.015106,0.032744,-0.003113,0.010583,-0.010411,0.005303,0.017873,0.001324,0.003541,0.012458,-0.057334,-0.098525,-0.065561,0.029679,0.039961,0.045047,0.027248,-0.003761,0.002366,0.021307,0.007194,-0.009003,0.05492,-0.006782,0.0358,0.17421,1.0,0.01963,0.053471,0.04416,0.024228,-0.000464,0.025424,0.01149,-0.017739,0.000891,0.002421,-0.014667,0.017657,0.00237,0.002628,-0.074035,0.014672,-0.008522,-0.025841,-0.067613,-0.039167,0.021151,0.383688,-0.018255,0.012059,0.058325,-0.000428,-0.003228,-0.166296,-0.016495,0.00187,-0.03167,0.00644,0.0139,0.02286,0.039383,0.043201,0.000413,0.008951,-0.035526,0.013865,0.012046,0.014755,0.00017,-0.013753,0.006383,-0.163936,-0.005533,-0.108758,0.035129,-0.06756,0.065808,0.097905,0.012175,0.02062,0.017791,0.019493,0.02016,-0.003919,0.031963,-0.021498,-0.025733,0.023467,-0.016793,0.317953,-0.031765,-0.019378,-0.000334,0.00286,-0.019137,-0.025733,-0.004712,-0.010969,0.002055,0.045579,0.070439,0.007649,0.02582,-0.017936,-0.5845,0.039153,0.032284,-0.006124,-0.01981,0.014639,0.029811,-0.001782,-0.00286,-0.001077,-0.027696,-0.045505,0.009128,-0.012041,0.010906,-0.007983,0.00031,-0.000216,0.00131,-0.022191,-0.082785,-0.004903,-0.01347,-0.001439,0.056795,0.016903,-0.021654,-0.045686,0.086293
